200512,TMAX,M,M,40.4,37.0,36.3,40.1,35.2,29.2,34.3,49.1,53.2,48.9,46.8,52.8,48.5,44.4,42.3,44.5,37.5,35.7,40.6,52.4,63.6,50.9,43.8,56.0,67.3,54.2,46.0,49.2,64.0
200512,TMIN,M,M,30.1,25.9,13.2,9.9,12.0,11.4,-1.9,10.1,36.3,23.5,17.6,30.3,20.9,17.9,14.5,27.0,12.7,11.6,17.6,11.7,27.4,41.1,33.3,27.2,25.0,39.1,27.1,25.0,21.7
200512,MEAN,M,M,36.7,30.8,25.7,23.7,23.1,22.2,14.6,31.0,45.3,38.4,33.7,41.8,34.9,30.4,29.6,34.2,25.6,27.3,32.1,30.8,44.9,45.3,38.4,39.5,43.6,42.8,37.1,36.2,36.3
200601,TMAX,66.1,66.9,60.2,55.4,46.0,44.4,60.4,73.2,54.6,43.1,56.5,60.6,55.4,53.7,54.8,61.8,40.8,58.1,65.3,61.0,47.1,39.1,52.3,63.4,51.2,55.7,61.0,54.6,61.8,56.2,59.5
200601,TMIN,26.6,42.5,36.9,26.9,24.6,21.6,18.8,26.6,32.9,35.0,26.0,25.0,32.7,24.2,21.1,25.7,19.2,14.6,41.4,38.6,26.7,25.9,22.9,18.8,21.1,16.2,28.7,40.8,32.8,24.8,18.5
200601,MEAN,50.2,51.1,46.0,38.8,34.6,32.6,36.3,53.7,44.4,38.6,38.9,45.8,40.2,35.0,37.2,44.0,33.2,34.9,54.0,53.9,36.5,33.5,35.1,41.8,35.4,34.1,43.1,49.2,49.0,38.4,36.8
200602,TMAX,65.1,53.7,57.4,41.4,45.3,47.6,50.6,41.3,42.5,45.2,37.4,36.1,48.9,64.3,62.4,73.8,40.9,26.0,17.6,33.4,47.0,52.3,64.9,63.6,50.9,52.1,71.7,76.0
200602,TMIN,27.7,40.1,31.6,17.9,14.5,17.3,10.9,25.3,11.7,21.5,16.1,13.1,7.8,16.3,25.2,27.7,22.6,4.7,1.1,16.2,8.8,24.8,16.7,20.1,22.7,14.4,20.4,30.4
200602,MEAN,46.0,47.3,43.3,30.8,28.3,31.3,29.1,33.0,28.0,31.0,26.3,22.5,27.6,41.1,45.1,55.6,30.4,14.9,11.2,24.3,29.5,38.1,38.7,42.1,38.4,31.7,44.2,52.3
200603,TMAX,79.0,68.9,56.6,40.9,47.2,66.8,57.2,63.9,61.4,68.3,79.1,79.8,74.5,58.0,66.4,72.9,55.1,54.6,46.7,39.1,39.4,50.8,49.8,48.3,53.1,57.9,54.6,59.7,67.7,77.0,80.9
200603,TMIN,36.8,33.4,21.9,19.8,33.8,28.0,23.1,38.2,46.4,33.1,46.2,59.0,32.8,26.8,24.1,35.9,33.4,33.0,36.1,35.0,30.4,20.9,31.9,27.5,20.2,18.2,32.7,30.3,24.9,40.9,46.5
200603,MEAN,58.4,55.9,37.0,33.6,40.8,46.3,40.8,55.9,54.4,51.5,63.1,69.2,55.3,41.6,47.9,55.6,44.2,43.8,42.6,37.4,36.0,36.0,39.8,38.7,35.2,40.2,45.5,43.7,46.6,63.1,66.0
200604,TMAX,82.2,82.3,66.3,70.2,75.1,74.8,83.0,62.1,68.5,75.4,78.8,87.4,87.8,88.4,83.4,90.5,88.7,91.7,82.2,77.5,82.0,85.5,82.5,78.5,76.0,66.5,73.4,68.7,64.1,74.7
200604,TMIN,38.1,53.7,36.8,27.8,33.9,50.1,47.4,31.5,25.2,28.4,37.0,51.5,48.8,57.7,55.2,55.1,46.3,50.7,54.6,50.3,44.7,39.2,54.5,58.4,46.9,41.1,35.6,37.9,53.0,48.6
200604,MEAN,60.4,67.2,55.4,48.6,57.2,62.5,67.1,50.2,46.3,52.5,62.0,69.9,71.4,73.9,65.9,72.7,67.5,71.2,68.1,61.5,62.3,64.1,67.1,66.4,60.9,52.6,53.3,54.2,56.7,61.5
200605,TMAX,78.7,80.4,81.4,63.7,71.8,62.7,68.1,68.6,78.7,68.3,61.1,70.9,73.3,61.6,66.2,67.8,78.1,77.5,88.5,78.3,70.1,74.6,82.1,89.0,91.7,91.7,89.5,89.7,87.8,79.8,86.3
200605,TMIN,49.0,54.2,52.2,54.9,52.5,49.3,48.3,46.0,49.4,50.9,42.8,36.9,36.3,39.1,43.4,40.2,46.7,48.9,46.1,54.8,57.6,58.2,55.6,56.2,61.2,57.2,59.9,58.5,61.6,65.5,64.9
200605,MEAN,64.1,64.8,63.5,59.2,60.0,54.1,56.5,56.0,61.9,60.2,53.0,53.8,56.4,51.4,54.2,55.7,63.0,64.0,65.5,67.0,63.6,65.3,67.3,73.4,77.6,72.9,74.7,75.0,73.7,71.6,70.4
200606,TMAX,83.2,82.5,86.9,80.5,81.9,80.5,87.9,87.0,93.0,92.3,85.1,75.1,81.3,86.9,89.0,92.3,83.0,86.1,90.8,92.0,91.7,91.6,85.1,87.2,87.0,77.6,82.5,89.4,91.4,93.7
200606,TMIN,64.5,55.6,51.5,54.7,54.1,54.4,59.8,53.9,57.5,61.1,63.2,55.8,50.3,48.7,54.1,56.6,65.2,62.5,58.7,64.7,64.6,64.5,65.4,61.5,60.5,55.3,51.2,50.3,58.0,57.0
200606,MEAN,69.0,69.8,68.7,66.5,67.0,68.0,73.7,70.1,75.2,76.6,73.0,67.6,66.1,68.5,71.8,75.9,71.3,73.1,74.7,78.0,77.9,74.2,72.9,73.7,71.9,67.2,67.1,70.3,73.8,74.6
200607,TMAX,93.9,95.6,95.0,87.0,87.2,83.2,84.5,89.2,87.3,74.2,86.9,90.4,90.1,86.5,94.4,94.0,93.9,97.2,97.1,97.3,95.4,82.9,86.9,86.9,90.8,92.1,84.0,82.6,94.4,95.0,95.6
200607,TMIN,59.1,59.6,61.3,64.1,56.4,49.9,46.7,53.3,56.4,66.9,66.5,67.6,69.9,66.3,61.4,66.3,65.9,67.1,68.3,66.7,70.8,59.6,56.2,59.5,59.0,63.7,70.8,68.5,68.2,70.3,69.7
200607,MEAN,75.3,76.7,78.0,75.7,74.3,66.5,66.2,70.0,70.4,69.7,72.5,76.6,78.9,75.7,77.3,78.9,78.9,81.2,80.4,81.2,80.7,71.3,70.8,71.9,74.1,78.4,77.4,75.4,79.3,81.5,81.4
200608,TMAX,95.0,95.8,89.9,90.6,93.5,93.9,96.2,96.3,94.4,97.3,85.7,86.6,91.7,97.0,87.2,88.5,96.3,100.3,99.6,85.1,85.9,90.6,90.4,92.0,84.8,86.6,87.4,87.9,76.3,81.7,81.7
200608,TMIN,68.4,68.2,68.5,63.6,61.1,63.0,63.3,66.4,69.3,71.8,70.8,69.4,67.2,70.0,61.1,58.0,59.6,64.1,65.0,67.5,69.1,60.7,56.3,57.3,60.4,68.0,68.2,70.0,60.2,56.6,57.8
200608,MEAN,81.8,81.6,78.9,76.7,74.8,76.3,79.3,80.8,79.8,81.6,75.4,75.0,77.7,78.5,74.0,71.9,75.8,79.3,79.1,75.6,75.6,75.1,71.4,72.1,72.7,74.3,74.4,76.7,69.4,66.8,67.0
200609,TMAX,82.7,81.6,82.2,83.4,80.2,84.5,84.5,88.2,87.1,92.0,81.1,76.9,78.6,81.0,82.3,88.3,83.2,77.2,70.1,73.9,69.7,86.2,75.9,66.8,75.7,81.3,84.4,65.5,68.8,81.6
200609,TMIN,56.4,58.1,55.4,56.8,50.5,46.3,48.6,47.5,48.8,51.8,59.0,58.3,48.0,47.1,45.5,47.0,59.6,47.3,41.1,38.2,44.0,61.4,50.7,45.6,42.6,43.0,44.7,36.9,34.3,43.1
200609,MEAN,67.7,67.2,67.2,66.9,64.0,63.7,64.5,65.1,66.4,69.7,67.2,66.5,61.6,61.4,62.5,67.5,69.5,61.5,53.7,53.9,58.4,71.0,65.9,56.0,56.4,59.2,62.3,52.7,51.8,59.0
200610,TMAX,84.4,88.9,89.7,89.6,72.8,72.6,74.0,78.0,79.1,73.8,66.5,55.0,60.8,69.7,59.3,56.2,70.7,79.2,50.1,65.1,65.3,53.5,58.2,57.9,53.0,54.6,55.7,63.3,80.0,70.1,61.1
200610,TMIN,41.7,49.8,54.7,52.9,46.5,36.3,31.8,32.5,39.3,45.7,41.6,26.1,22.0,23.1,32.2,48.5,55.3,49.7,32.3,29.0,30.8,30.7,25.3,22.1,39.1,51.8,44.4,34.5,31.1,35.8,43.7
200610,MEAN,61.6,67.6,69.6,71.0,61.2,52.3,49.6,52.6,56.4,58.7,57.5,42.2,40.1,43.8,47.3,51.8,60.8,62.3,42.5,43.4,48.2,43.1,38.7,38.9,45.7,53.0,50.6,47.7,51.2,55.2,50.4
200611,TMAX,52.6,55.5,57.6,51.8,54.3,50.9,57.7,72.4,83.5,70.8,51.5,55.6,63.2,51.5,48.9,49.6,57.2,46.8,48.8,54.0,58.6,63.9,67.0,71.3,70.3,69.0,70.6,61.2,72.4,55.8
200611,TMIN,24.4,18.6,19.0,38.2,41.5,44.1,38.2,35.0,37.3,41.9,24.3,19.1,35.5,37.7,41.6,25.3,23.8,26.9,21.7,16.2,16.5,21.5,24.7,27.2,34.5,32.4,38.8,49.5,55.4,32.5
200611,MEAN,42.0,34.4,38.0,43.3,45.6,48.2,49.5,49.2,57.2,60.5,38.5,35.2,45.2,46.6,46.4,38.7,36.4,38.2,36.4,31.5,33.4,38.2,41.8,46.6,49.9,48.8,54.5,58.0,65.3,35.8
200612,TMAX,35.5,46.0,34.3,46.3,52.0,52.8,36.1,34.1,53.0,52.1,56.7,64.5,67.6,68.2,67.6,68.1,67.9,55.4,48.7,53.5,62.2,52.3,54.0,50.8,44.7,47.5,52.5,58.3,61.8,55.6,56.6
200612,TMIN,19.4,15.3,11.4,7.6,17.4,20.5,7.0,1.8,13.2,18.2,40.6,30.0,24.7,25.2,27.1,33.4,40.6,40.9,39.7,37.9,39.3,29.1,25.7,21.1,33.5,25.0,21.9,26.9,36.2,47.2,35.6
200612,MEAN,25.4,27.9,25.0,24.7,32.4,32.6,22.7,17.3,29.3,37.9,48.2,51.0,40.8,41.9,42.0,55.1,53.3,46.0,43.4,45.0,52.2,39.9,40.0,36.0,38.4,34.1,37.9,41.1,48.7,52.7,47.8
200701,TMAX,51.5,52.8,51.8,48.5,60.8,55.1,52.5,53.8,45.6,48.4,56.0,58.9,36.0,39.6,36.3,27.4,29.7,42.5,44.8,38.9,42.3,36.9,50.2,52.7,49.0,60.4,45.2,31.0,47.2,32.3,24.5
200701,TMIN,22.3,16.4,16.7,35.3,46.4,34.3,28.9,19.0,21.0,16.1,37.5,34.1,33.1,33.4,19.5,11.4,6.7,27.7,18.5,20.1,32.1,29.0,20.5,27.7,22.4,17.8,24.7,8.5,7.6,5.4,0.5
200701,MEAN,36.6,30.4,33.9,44.5,50.6,45.1,42.2,34.8,38.1,32.9,46.4,51.5,34.8,36.1,28.4,18.0,19.8,32.8,31.3,29.9,36.6,33.3,34.8,38.6,35.7,37.0,34.1,20.2,25.3,21.1,14.2
200702,TMAX,31.3,27.3,32.9,37.2,37.2,64.6,40.4,41.9,32.6,42.5,47.3,39.7,39.7,30.3,29.9,33.8,36.1,55.0,61.9,74.8,70.4,65.8,60.6,49.7,48.5,55.5,62.4,64.6
200702,TMIN,19.8,4.7,4.0,4.9,9.9,24.1,23.7,23.0,26.0,17.9,12.8,32.8,22.2,17.7,12.0,3.6,22.9,12.6,23.8,35.0,27.7,28.7,25.9,33.4,28.1,27.1,21.1,32.1
200702,MEAN,25.2,19.5,18.6,23.0,23.6,41.4,29.7,31.2,28.6,28.7,29.7,37.4,32.2,22.4,19.0,21.7,29.6,32.9,44.7,52.9,45.8,46.6,43.2,44.0,39.8,37.1,41.3,51.9
200703,TMAX,65.8,54.6,40.3,51.0,70.3,64.3,70.5,65.4,75.8,69.9,69.2,77.9,69.9,73.5,65.2,57.3,39.6,58.1,68.3,66.3,78.5,79.1,78.3,82.2,82.2,80.8,79.3,75.5,81.6,82.3,71.3
200703,TMIN,39.3,25.9,21.7,14.3,18.0,24.9,26.1,24.8,28.0,38.2,30.7,36.3,39.9,45.1,44.0,27.1,26.5,29.7,38.1,49.7,50.7,56.8,51.8,47.7,46.8,53.6,46.2,54.9,55.0,56.4,43.6
200703,MEAN,54.1,41.7,31.4,31.6,42.0,43.5,47.4,43.2,49.4,54.2,49.4,56.6,54.8,58.6,52.1,43.8,33.7,43.7,55.9,57.2,66.7,68.5,63.5,63.1,65.8,66.6,61.9,63.4,66.1,67.4,63.2
200704,TMAX,79.7,84.1,84.2,55.8,54.6,45.2,44.5,50.6,58.7,52.0,56.4,58.3,43.5,43.1,63.4,78.2,75.9,76.2,72.9,76.7,82.5,80.3,86.1,80.2,71.7,63.1,75.6,80.2,87.0,89.2
200704,TMIN,37.6,38.7,44.0,29.4,30.1,26.2,20.3,14.1,17.0,31.9,44.6,38.4,35.5,38.6,33.3,28.6,31.7,38.1,30.9,33.9,36.7,40.5,59.3,56.1,54.1,52.4,46.5,43.7,40.6,43.9
200704,MEAN,58.2,63.5,62.3,42.5,41.3,36.5,31.3,32.8,38.2,43.4,51.7,46.1,39.3,40.9,47.8,53.4,54.5,59.0,53.0,55.5,60.4,65.2,71.7,67.9,63.7,56.7,60.5,61.6,65.0,68.6
200705,TMAX,84.3,74.7,69.8,77.3,85.3,84.8,88.1,87.5,88.5,85.4,76.9,88.7,86.4,88.1,85.8,72.8,70.9,72.7,77.2,80.8,81.3,81.3,84.3,83.9,82.7,82.7,79.1,84.3,84.8,78.5,81.8
200705,TMIN,53.4,62.6,60.3,57.4,56.4,66.1,57.1,54.2,56.0,60.4,59.0,57.2,53.2,51.9,51.1,43.8,40.9,36.6,37.5,38.2,40.5,53.7,54.6,54.5,55.6,59.2,59.0,60.4,57.7,62.8,61.9
200705,MEAN,69.9,66.4,65.2,65.8,69.9,74.7,71.3,70.6,72.2,70.2,66.4,70.7,68.5,68.4,65.0,58.1,55.4,53.4,56.3,59.5,62.7,67.0,69.5,69.4,66.6,67.3,68.1,71.0,68.9,68.8,70.0
200706,TMAX,83.9,84.3,79.5,81.1,83.9,88.5,87.4,79.5,85.0,73.7,79.2,85.9,86.5,89.4,91.0,90.9,90.5,84.9,89.4,87.9,90.6,91.9,87.8,90.0,89.6,90.1,88.5,92.6,83.9,84.9
200706,TMIN,58.6,57.7,54.8,52.8,51.9,54.7,71.1,55.9,51.1,58.0,63.4,61.3,57.2,56.6,59.8,60.5,61.3,64.5,58.2,54.8,60.0,61.4,65.3,64.6,64.9,65.2,66.6,68.5,66.4,68.0
200706,MEAN,71.0,69.2,66.4,67.2,67.8,72.8,80.2,69.4,67.3,65.5,68.2,72.3,70.9,72.2,73.6,74.5,74.8,74.0,74.9,71.0,75.0,76.0,73.4,76.4,76.9,76.4,75.6,78.3,73.7,73.9
200707,TMAX,73.3,83.3,87.6,90.5,91.9,88.7,91.1,91.4,90.5,82.8,84.9,77.7,86.7,90.4,93.0,89.0,93.6,92.9,91.7,86.7,86.8,81.2,86.3,89.9,92.3,93.5,94.3,94.3,91.3,90.4,92.0
200707,TMIN,67.9,61.0,58.7,65.0,67.3,67.1,63.8,62.7,65.3,63.9,63.7,57.8,57.3,61.2,61.1,66.0,64.9,66.6,66.6,61.4,56.7,52.1,51.9,52.0,56.0,59.3,63.9,68.7,69.1,63.7,63.5
200707,MEAN,70.0,71.7,72.7,77.3,78.3,76.9,76.0,76.3,75.1,73.3,73.5,67.5,70.7,74.2,74.2,76.4,76.9,79.3,78.5,74.4,69.9,66.8,68.0,70.2,72.0,76.1,79.1,79.0,78.1,76.8,75.6
200708,TMAX,94.5,97.7,96.4,98.0,96.1,98.2,98.7,99.8,101.4,103.0,103.4,106.6,102.3,104.7,105.8,102.9,97.6,95.1,92.3,80.1,97.1,97.3,97.3,96.9,85.3,90.9,96.5,98.6,97.6,89.6,88.4
200708,TMIN,60.1,64.0,66.2,66.6,65.8,65.6,68.1,67.5,66.1,61.4,63.5,65.5,65.5,63.4,67.0,66.3,67.5,67.1,67.9,70.1,67.3,66.5,65.7,65.9,64.8,61.8,58.9,60.2,66.0,61.1,53.0
200708,MEAN,76.8,79.4,80.3,81.5,80.0,81.9,82.9,82.8,81.9,80.1,81.6,83.7,82.5,82.1,84.5,81.5,79.5,79.9,76.4,74.9,79.0,80.2,79.7,78.0,74.2,73.7,75.5,76.8,77.9,75.4,68.8
200709,TMAX,91.6,94.9,96.9,91.7,82.6,87.7,88.8,82.4,85.9,88.2,76.9,80.3,83.9,75.8,67.2,72.1,85.8,86.2,87.8,86.9,87.7,88.8,88.5,84.9,81.3,75.3,79.5,84.7,81.8,86.5
200709,TMIN,46.1,49.1,59.0,62.8,67.6,69.3,73.0,71.1,69.9,64.5,52.2,49.2,49.5,52.6,39.8,51.2,54.6,53.7,57.9,58.0,54.8,53.0,57.2,62.2,67.3,67.2,53.2,48.9,48.2,45.0
200709,MEAN,67.5,70.8,74.9,75.7,72.7,77.4,78.0,74.3,74.9,73.9,63.9,62.2,64.9,62.5,53.9,60.5,68.3,69.2,70.9,70.4,67.8,69.0,72.1,73.3,72.8,70.2,66.9,63.4,61.2,67.9
200710,TMAX,83.9,83.6,80.7,86.5,87.1,85.1,87.4,87.6,80.7,71.1,67.3,71.5,72.4,77.6,67.6,74.4,70.8,81.0,71.2,80.7,80.6,64.1,52.3,62.3,47.9,54.4,66.5,64.1,67.2,70.0,75.0
200710,TMIN,56.0,53.2,61.1,59.1,62.2,62.6,62.2,60.1,49.2,41.0,35.6,36.1,41.7,44.2,45.4,45.6,45.5,56.3,39.3,35.9,42.8,45.7,44.4,39.2,43.5,41.3,36.0,31.7,28.2,28.5,31.9
200710,MEAN,67.5,67.9,69.0,70.8,73.3,72.5,72.1,69.2,62.7,54.6,49.1,51.7,56.0,58.7,56.5,59.4,60.9,69.6,56.9,57.2,60.3,51.4,46.9,49.8,45.6,48.8,48.1,44.1,42.6,46.1,53.3
200711,TMAX,62.7,67.1,65.8,71.8,76.8,51.4,53.7,67.7,70.4,62.0,72.9,67.0,73.5,58.7,51.8,58.3,72.2,69.1,73.0,71.6,73.0,36.6,39.4,42.6,39.7,42.8,58.4,60.9,52.4,55.0
200711,TMIN,26.2,20.9,28.2,27.2,37.1,22.6,17.3,33.7,30.2,27.0,52.2,47.4,52.9,44.7,24.2,18.8,26.2,27.9,52.2,52.3,36.1,30.1,20.3,24.4,28.4,27.1,20.6,24.3,23.0,18.6
200711,MEAN,44.8,40.5,42.9,45.8,53.5,38.7,34.4,46.5,46.4,45.9,59.8,57.7,60.0,52.3,40.2,35.9,43.6,49.1,62.1,63.3,54.0,33.4,28.1,32.1,36.3,37.0,35.0,43.8,35.5,37.5
200712,TMAX,60.1,64.5,48.6,63.8,48.4,33.7,41.6,40.2,39.6,38.5,59.1,41.9,37.2,42.8,35.4,39.7,51.3,52.5,56.9,60.1,54.6,57.1,44.4,50.8,53.1,41.0,38.4,46.5,43.5,51.0,54.4
200712,TMIN,38.4,29.2,23.4,21.3,27.5,20.6,28.3,37.2,34.0,33.0,38.1,35.6,22.4,19.9,26.5,18.8,13.4,21.4,20.7,37.6,42.4,29.9,22.8,19.3,15.9,18.3,32.5,30.3,25.3,21.3,16.2
200712,MEAN,49.4,52.3,31.4,38.0,34.1,29.4,36.6,38.9,37.3,36.0,46.6,37.2,32.8,32.4,32.2,27.7,28.6,35.5,35.6,46.6,48.3,51.5,31.3,31.7,31.2,30.2,35.6,37.0,31.5,32.8,32.1
200801,TMAX,32.2,29.6,34.9,48.2,59.5,71.3,68.3,65.9,51.5,53.7,53.0,54.4,37.5,44.1,43.2,46.6,37.6,45.9,27.8,30.7,38.1,33.7,40.6,30.0,29.7,58.9,63.4,54.2,73.0,40.6,32.4
200801,TMIN,17.9,7.3,3.9,16.1,46.0,59.1,62.2,36.8,25.2,26.8,22.4,19.2,18.2,16.7,11.4,17.5,12.8,7.8,4.4,0.7,5.9,12.6,6.3,5.6,3.5,22.7,15.2,21.8,19.9,9.0,21.2
200801,MEAN,27.4,17.3,19.5,33.5,51.7,64.4,65.2,52.8,35.6,37.6,34.8,35.4,29.8,27.7,25.6,33.0,29.6,25.8,16.2,14.9,24.8,28.1,21.6,18.8,19.5,36.4,35.8,41.1,45.9,25.9,29.0
200802,TMAX,40.1,56.8,55.1,76.0,72.7,41.6,48.1,48.6,61.1,38.0,31.8,32.3,33.1,53.5,40.8,38.4,52.9,42.8,45.1,39.1,31.6,31.7,35.7,38.2,45.9,43.3,42.9,47.8,65.2
200802,TMIN,21.7,16.2,20.6,51.2,41.4,32.3,24.8,20.8,20.8,20.8,19.1,14.4,8.9,17.7,28.6,31.7,37.2,24.3,17.4,22.5,20.5,27.5,26.6,30.6,31.0,27.1,20.5,19.7,28.1
200802,MEAN,28.1,32.8,36.8,65.2,59.1,35.3,36.1,32.8,40.0,28.6,23.6,23.9,20.6,32.3,35.0,34.6,44.2,34.3,30.7,31.8,25.9,29.1,30.4,33.8,38.3,33.2,31.1,35.4,48.1
200803,TMAX,66.7,75.8,67.0,36.9,46.8,42.9,38.5,43.1,56.5,57.8,63.8,80.2,73.4,68.3,57.3,51.0,62.8,57.5,51.5,67.8,74.5,57.0,46.2,54.7,70.1,69.5,75.7,54.7,44.1,62.1,64.1
200803,TMIN,20.3,36.6,27.4,23.6,16.1,30.1,29.1,20.0,19.1,25.8,17.9,25.6,35.8,45.1,39.7,37.5,44.0,45.1,30.5,28.9,34.8,31.1,23.9,17.5,40.0,41.4,45.5,39.1,38.7,42.0,53.2
200803,MEAN,43.3,59.9,42.2,28.2,31.3,34.8,33.2,30.3,37.1,40.5,38.7,50.9,54.1,54.0,48.2,43.4,52.5,53.9,40.8,48.2,55.0,45.3,35.6,37.9,55.3,57.7,64.4,44.9,41.3,53.1,60.0
200804,TMAX,58.4,62.6,55.7,56.2,65.2,70.2,76.7,65.8,64.8,74.5,61.0,46.7,46.1,57.8,62.8,72.5,74.4,63.9,66.5,77.4,82.1,82.5,86.3,77.1,76.9,72.3,67.6,60.9,66.6,79.6
200804,TMIN,33.0,27.7,45.2,34.6,31.2,31.2,36.9,43.9,45.2,49.7,46.4,31.8,31.2,27.2,24.1,41.5,44.5,46.6,41.6,41.0,41.3,53.3,50.3,60.2,48.8,36.0,35.4,30.5,27.0,35.4
200804,MEAN,48.6,46.3,50.1,46.1,45.7,50.8,56.4,54.2,53.2,62.9,53.7,41.1,38.6,42.2,45.8,58.2,61.2,55.3,52.9,58.6,63.4,65.4,69.2,67.4,65.6,53.4,48.6,45.5,47.2,60.9
200805,TMAX,71.0,76.7,67.7,74.4,83.5,74.4,70.6,75.7,72.6,69.1,66.0,74.3,71.0,71.7,62.0,74.5,82.9,79.6,89.7,79.9,79.4,79.5,86.0,77.9,87.9,81.8,81.4,79.3,84.3,87.0,86.3
200805,TMIN,61.4,41.9,37.9,33.1,35.0,44.3,60.7,58.3,55.9,47.8,37.3,33.0,42.6,55.4,47.9,39.6,42.3,46.0,42.5,47.1,40.5,47.7,53.9,61.9,62.0,60.7,62.0,55.4,53.1,56.4,64.3
200805,MEAN,67.1,64.6,51.1,52.8,59.4,60.0,64.8,64.5,62.0,59.6,53.4,53.9,60.2,62.6,56.3,56.8,64.2,64.2,67.1,64.9,60.4,64.5,71.5,68.1,73.3,70.2,69.1,64.2,68.1,73.7,74.3
200806,TMAX,83.9,81.7,88.6,85.5,87.7,84.4,89.0,89.1,81.9,83.7,86.7,89.4,84.3,87.3,89.2,83.6,79.8,80.8,83.7,84.1,85.7,87.2,84.7,90.2,90.5,90.4,87.6,74.1,79.5,82.9
200806,TMIN,64.5,61.6,59.9,68.1,72.6,70.2,69.6,70.3,60.8,57.4,55.0,65.4,63.5,63.6,60.2,58.5,53.0,51.1,51.8,62.7,58.8,56.5,59.1,62.2,61.9,64.3,63.7,63.5,57.4,56.0
200806,MEAN,72.4,69.0,76.3,78.3,80.7,78.1,79.3,79.9,70.9,68.4,72.1,77.8,69.6,71.9,72.1,69.4,66.6,64.1,68.8,70.4,71.3,71.0,71.5,75.1,76.9,76.3,76.7,68.4,69.0,68.8
200807,TMAX,85.9,87.8,87.3,79.3,85.4,91.4,92.3,89.1,82.1,86.1,92.2,90.4,84.5,87.6,88.8,89.4,90.3,92.7,89.5,94.7,97.4,86.6,85.0,82.7,92.8,90.8,91.8,92.4,97.3,96.6,89.6
200807,TMIN,54.4,58.0,66.7,63.7,61.1,65.8,65.5,65.2,68.5,67.0,69.5,71.9,58.6,55.6,59.3,60.8,61.1,60.7,64.5,66.6,64.9,67.9,66.6,65.9,66.1,68.7,70.8,67.1,70.3,69.8,71.4
200807,MEAN,69.8,74.0,72.8,71.1,72.0,76.9,76.9,76.6,72.8,75.0,80.2,79.5,72.4,70.8,73.1,74.0,74.0,75.5,74.4,79.2,79.7,73.0,74.7,73.1,76.8,78.7,80.4,79.2,81.1,79.6,78.2
200808,TMAX,96.7,96.1,94.7,97.9,97.8,88.4,86.4,84.6,84.3,84.1,83.5,85.5,85.8,87.0,78.5,83.4,85.1,85.5,86.7,70.5,83.0,86.1,92.2,85.5,83.0,86.7,87.9,91.8,83.8,86.6,89.5
200808,TMIN,69.5,73.2,71.7,70.8,68.1,70.1,64.3,60.4,57.7,65.7,58.6,56.7,61.4,57.9,64.4,56.2,52.8,53.3,53.7,65.4,66.1,69.2,68.3,65.2,59.0,56.6,61.2,59.6,66.0,63.0,58.4
200808,MEAN,81.2,83.0,81.2,81.9,81.4,77.3,74.0,70.8,70.3,73.8,70.6,70.2,71.1,70.3,69.6,69.3,66.6,67.3,69.4,67.9,71.8,75.1,76.8,74.2,69.6,70.6,71.9,74.7,71.2,71.9,72.9
200809,TMAX,90.8,84.1,73.3,73.8,73.2,77.7,82.0,86.4,74.7,81.6,82.4,89.1,85.1,79.0,65.7,73.0,78.5,80.5,80.9,75.7,75.9,81.3,84.5,85.4,84.4,81.6,81.8,83.6,81.4,71.3
200809,TMIN,64.8,66.3,69.9,62.7,54.8,50.4,58.5,61.7,54.7,51.7,64.2,67.8,70.5,57.9,49.0,44.2,47.5,48.4,52.8,58.6,58.2,56.9,56.6,56.0,53.8,48.3,44.1,46.8,51.7,44.1
200809,MEAN,76.1,75.3,71.6,68.2,63.0,62.8,68.3,72.2,63.6,65.7,72.4,77.2,78.2,68.0,58.0,56.8,59.9,62.4,65.4,64.4,65.2,66.1,67.4,67.7,65.5,61.5,60.7,63.1,65.6,57.5
200810,TMAX,78.1,68.6,74.3,76.0,79.0,79.7,76.8,71.7,77.2,78.1,81.0,80.3,76.4,77.6,82.7,64.8,67.7,66.4,68.2,74.5,65.5,68.8,59.6,57.7,64.7,71.6,51.3,53.9,69.9,73.8,73.7
200810,TMIN,40.1,38.7,37.3,40.3,44.1,47.0,59.1,43.5,40.0,41.6,50.6,53.4,63.2,61.3,52.5,38.5,34.6,39.2,35.6,36.3,46.1,50.0,42.1,32.8,30.0,32.9,24.6,21.2,22.1,27.8,37.0
200810,MEAN,56.0,50.8,52.6,55.5,60.1,63.5,65.3,57.2,54.8,57.8,63.2,66.8,67.9,67.4,66.1,52.1,49.2,50.2,48.6,55.3,57.1,58.7,51.0,45.1,44.0,50.2,38.2,34.9,42.3,47.8,52.1
200811,TMAX,76.0,76.0,75.9,74.1,75.9,69.3,53.8,42.3,49.2,50.1,54.6,57.1,60.3,64.3,43.5,59.5,51.0,45.9,65.5,47.7,38.6,42.0,51.6,54.5,59.1,69.1,66.8,51.3,46.9,38.4
200811,TMIN,39.1,41.4,38.7,33.3,36.0,33.6,29.6,26.2,27.8,24.4,40.2,45.6,37.5,42.6,34.5,22.4,24.7,17.6,22.9,27.7,14.9,17.5,15.1,25.0,20.3,23.8,22.9,31.9,33.7,33.4
200811,MEAN,55.4,55.9,54.1,50.9,58.1,57.8,40.9,35.7,37.7,38.0,48.0,49.9,48.7,52.9,38.6,38.9,39.4,29.2,39.6,36.1,25.1,27.5,34.7,41.9,34.7,39.9,41.3,43.1,39.6,35.8
200812,TMAX,36.3,50.6,50.0,39.7,36.8,50.0,40.3,56.0,55.7,33.6,46.6,48.1,47.6,59.4,34.2,26.0,30.8,35.1,52.4,41.7,21.2,25.9,36.3,47.6,45.5,66.4,67.6,51.5,65.2,66.1,39.8
200812,TMIN,19.4,14.2,27.0,16.7,18.8,27.7,16.1,23.7,31.6,21.2,21.6,22.7,23.3,34.0,14.5,17.9,25.8,29.6,28.7,20.6,7.4,2.5,21.7,21.1,16.3,35.2,34.5,24.7,20.3,22.0,17.8
200812,MEAN,29.9,33.7,38.1,28.0,27.0,37.2,29.7,41.3,45.9,29.1,31.1,33.8,40.4,50.8,19.4,21.8,28.5,32.3,40.4,31.7,13.9,14.9,29.2,35.7,28.9,51.6,57.6,33.7,35.6,41.9,27.9
200901,TMAX,46.7,56.1,67.7,56.0,32.5,36.8,47.6,45.2,62.6,52.2,49.6,52.6,38.2,49.9,16.9,14.5,52.2,49.4,35.6,31.7,50.6,63.2,55.4,32.1,25.0,30.6,26.0,32.9,45.0,45.4,55.7
200901,TMIN,17.8,20.5,45.1,25.4,23.0,27.2,28.8,22.7,21.6,26.5,15.9,20.6,17.7,14.8,0.8,-0.5,7.1,20.5,22.7,12.1,8.2,15.9,23.2,15.7,13.9,20.8,17.1,13.1,5.3,14.1,15.5
200901,MEAN,28.7,36.9,53.9,36.9,27.9,31.4,37.7,31.0,41.1,33.7,29.5,34.3,24.9,29.4,9.5,8.1,27.9,32.6,29.1,23.2,25.4,33.7,35.9,23.3,20.6,24.5,21.0,21.3,23.5,26.7,32.1
200902,TMAX,59.3,46.0,34.7,34.9,49.9,64.5,61.3,62.0,67.2,65.3,60.5,63.1,54.6,44.4,46.0,50.1,47.0,53.3,38.1,58.0,42.2,42.1,50.4,48.4,71.6,66.7,53.2,34.6
200902,TMIN,23.8,19.3,16.1,10.2,13.6,22.6,33.9,36.5,39.7,36.0,33.0,26.7,28.8,27.0,21.5,16.1,23.0,29.0,16.3,13.5,21.1,14.7,13.1,29.7,34.8,46.4,32.4,23.3
200902,MEAN,36.9,30.7,23.3,20.0,28.2,41.7,46.8,47.7,52.0,52.3,48.9,40.0,40.8,35.6,31.0,29.1,35.6,45.3,27.5,33.8,34.5,26.9,31.1,38.9,51.4,58.0,38.1,28.5
200903,TMAX,37.4,42.6,38.8,58.0,69.9,85.3,76.5,72.6,71.3,76.6,38.9,39.5,52.5,61.2,63.2,74.2,77.4,83.1,64.5,64.5,53.3,77.0,75.5,64.1,68.6,68.5,70.4,59.1,57.8,68.5,61.5
200903,TMIN,15.7,10.3,11.6,20.2,46.7,46.1,51.8,36.0,29.2,38.6,29.8,30.1,26.8,36.5,40.7,37.8,32.9,36.9,32.8,25.6,43.4,42.9,53.7,41.1,32.1,46.5,49.3,36.1,31.6,29.1,32.7
200903,MEAN,26.2,25.2,26.4,40.4,56.6,64.8,64.4,61.9,51.8,63.4,33.9,34.0,38.6,47.8,51.3,52.7,54.6,58.9,50.8,45.5,47.8,58.3,63.9,57.9,47.9,56.1,58.2,46.0,42.9,52.2,53.1
200904,TMAX,68.5,57.8,65.7,69.7,65.4,44.9,56.7,71.1,59.8,53.9,68.1,52.1,54.8,53.6,71.6,67.4,76.4,63.8,68.4,70.6,66.1,81.9,85.2,82.8,79.8,83.5,71.9,76.0,77.3,68.5
200904,TMIN,26.9,42.0,33.2,28.5,37.5,35.5,28.8,24.2,30.0,43.7,32.0,36.5,43.6,35.1,31.9,34.9,35.4,52.4,54.3,38.3,31.5,37.5,46.8,66.3,66.2,61.2,60.7,60.4,60.0,57.2
200904,MEAN,50.0,50.3,48.5,50.6,48.6,38.9,41.9,48.3,46.8,47.3,51.3,45.8,48.5,43.8,51.6,51.1,57.5,58.1,59.5,56.6,49.0,58.5,68.1,74.3,73.0,73.5,67.9,64.5,67.5,64.2
200905,TMAX,69.8,58.3,56.6,71.2,74.5,79.1,86.3,75.8,73.2,69.0,72.9,73.4,81.6,79.4,85.9,69.0,70.7,74.8,80.7,80.7,84.0,84.4,83.6,74.0,81.6,81.5,86.4,M,M,M,
200905,TMIN,51.2,49.9,51.1,50.8,50.8,55.3,52.5,60.4,47.4,43.0,46.0,44.2,55.4,61.1,58.9,45.7,36.9,37.3,41.1,43.0,47.1,52.3,61.2,60.1,66.7,64.1,61.5,M,M,M,
200905,MEAN,60.0,53.6,53.9,59.0,62.0,65.5,70.4,67.3,62.2,55.4,58.0,60.2,70.9,67.9,71.6,60.2,54.0,55.4,60.5,61.6,66.0,68.5,69.2,67.0,71.3,71.4,69.4,M,M,M,
201009,TMAX,M,M,M,M,M,90.0,89.0,78.7,67.5,88.9,84.0,85.2,87.4,83.3,88.5,82.5,83.9,90.6,86.1,91.3,91.5,88.1,88.8,82.3,77.6,62.3,71.2,78.2,79.4,78.2
201009,TMIN,M,M,M,M,M,49.3,62.0,61.4,63.8,63.7,58.2,51.9,50.7,61.0,60.6,59.0,56.0,55.8,61.3,62.9,61.3,63.1,60.2,55.4,50.8,47.1,42.9,43.1,48.9,46.0
201009,MEAN,M,M,M,M,M,69.6,73.5,69.1,65.2,72.2,72.1,65.5,66.8,68.3,70.9,69.4,67.6,71.3,72.2,73.9,73.6,73.1,72.8,70.1,62.9,55.9,54.9,59.1,61.2,60.0
201010,TMAX,75.2,67.0,63.0,67.0,73.3,78.7,84.1,84.2,86.5,85.7,82.1,78.7,73.4,73.0,74.4,79.1,84.6,81.5,67.9,76.6,79.3,76.4,81.7,79.3,76.6,75.1,71.6,59.8,68.7,73.2,74.2
201010,TMIN,39.9,39.0,33.7,31.0,31.0,32.9,43.1,43.3,47.2,48.3,46.3,51.5,40.4,33.7,37.1,32.3,41.0,46.8,40.1,33.2,35.6,38.7,52.6,55.7,51.0,37.3,32.9,28.3,23.3,23.5,31.2
201010,MEAN,55.4,51.1,46.3,46.3,48.4,53.7,60.5,60.9,63.9,62.5,61.3,62.3,58.0,51.0,52.1,52.3,58.6,61.0,55.0,52.5,55.7,56.6,67.2,68.1,66.8,60.4,52.3,45.4,41.1,45.6,53.0
201011,TMAX,67.6,66.4,72.4,61.4,51.7,64.7,70.5,76.1,76.3,76.4,79.4,77.4,64.0,58.2,59.7,54.6,59.5,47.8,58.0,57.1,66.8,71.3,56.9,65.8,67.8,50.7,59.6,57.8,51.1,38.0
201011,TMIN,42.9,46.8,39.2,34.7,23.8,20.1,23.2,25.9,29.0,41.5,40.4,37.4,28.8,23.6,30.9,33.2,29.7,41.0,31.6,30.2,51.2,53.2,35.6,38.6,24.2,17.3,21.0,20.9,37.4,22.3
201011,MEAN,55.7,54.5,54.9,49.6,39.1,37.7,43.3,47.2,51.3,56.4,56.3,58.7,46.6,38.5,42.6,42.6,43.2,42.8,43.5,44.1,58.8,65.9,45.0,48.5,43.7,31.4,35.6,38.8,46.8,32.9
201012,TMAX,43.3,50.7,54.4,46.9,39.0,40.2,43.9,43.1,43.1,59.3,50.0,28.3,31.7,29.5,32.9,34.6,40.4,36.2,48.5,43.5,54.8,42.7,45.0,35.4,33.6,32.8,40.4,51.3,49.9,59.6,66.7
201012,TMIN,19.6,19.5,19.9,29.3,17.1,15.8,13.4,12.1,17.4,21.1,21.1,13.1,6.9,17.5,15.6,29.3,19.8,14.8,19.5,17.5,40.8,27.2,26.0,31.6,27.3,12.6,7.3,13.7,23.8,49.5,37.1
201012,MEAN,28.4,32.0,36.8,36.9,29.1,25.3,26.2,24.4,29.8,38.2,39.9,20.9,17.5,22.9,26.5,32.8,27.7,24.7,30.2,33.3,47.4,33.4,33.4,33.5,31.3,24.6,21.7,29.7,39.3,54.4,58.0
201101,TMAX,37.6,43.9,48.8,48.0,49.2,49.8,49.0,33.7,28.1,33.6,29.9,26.6,35.0,48.1,55.3,40.5,41.3,41.8,35.4,31.9,32.1,44.3,38.0,45.6,39.7,56.6,55.0,58.9,67.6,50.9,42.3
201101,TMIN,15.4,9.8,11.6,16.2,21.0,16.4,21.8,14.3,16.5,27.2,12.5,7.2,1.7,10.7,21.5,19.1,18.0,28.6,25.4,7.1,4.3,22.3,29.5,21.9,19.5,15.0,16.1,21.7,22.5,26.1,37.0
201101,MEAN,28.4,23.4,27.6,28.8,32.1,33.1,36.0,24.7,23.7,29.9,23.6,15.4,17.5,27.7,36.0,28.0,30.8,36.8,30.1,24.4,19.2,31.3,34.2,33.7,28.9,31.3,33.6,37.0,40.9,38.9,39.4
201102,TMAX,40.1,21.8,31.7,35.3,39.3,47.6,35.4,29.4,24.9,36.3,48.4,58.3,71.3,62.3,63.2,74.2,72.2,73.4,55.0,70.3,61.1,52.0,50.1,48.2,37.7,48.5,69.4,67.4
201102,TMIN,18.9,10.5,3.6,21.7,25.0,26.1,28.0,18.4,4.1,-7.9,2.4,19.2,21.6,29.4,27.0,30.7,54.9,40.8,44.2,38.4,34.3,23.3,26.0,36.5,34.1,31.6,30.2,24.6
201102,MEAN,29.5,17.2,16.7,28.2,30.4,36.7,31.9,24.5,16.5,14.0,26.6,37.2,46.8,42.9,43.5,53.2,62.9,56.1,51.1,56.4,49.5,34.9,38.9,42.8,35.6,38.3,52.5,44.0
201103,TMAX,62.4,65.0,69.1,65.5,54.5,52.9,51.3,48.6,48.4,50.9,66.0,74.0,62.5,41.3,55.5,69.1,76.1,75.0,66.6,81.7,82.8,73.0,77.2,49.5,42.4,41.0,50.3,57.7,49.6,46.7,51.6
201103,TMIN,18.3,25.1,27.7,38.9,33.8,32.3,32.8,40.2,38.8,24.6,19.3,29.5,40.8,34.6,29.3,25.6,38.1,47.0,45.1,38.7,49.7,52.1,47.7,29.6,32.2,33.4,31.1,34.1,37.1,36.2,37.7
201103,MEAN,37.3,44.0,47.7,55.1,38.8,39.2,39.8,45.3,43.2,38.3,42.5,52.5,51.1,38.1,40.4,46.6,59.1,55.8,54.6,61.6,66.4,63.0,62.0,40.6,36.6,37.0,39.0,44.7,43.7,39.8,44.0
201104,TMAX,64.7,75.5,85.6,75.2,69.2,77.0,74.9,88.2,91.0,87.2,77.1,76.8,80.0,78.3,67.9,59.6,77.2,81.1,88.8,64.1,67.3,80.7,63.5,62.0,65.4,74.7,58.0,72.7,79.6,70.6
201104,TMIN,32.3,29.3,40.0,37.7,25.2,44.0,38.2,49.1,60.1,61.9,45.3,37.3,38.0,41.3,44.4,33.6,29.9,44.4,50.7,44.7,46.5,53.9,52.6,55.4,54.6,54.6,42.3,40.2,39.8,48.3
201104,MEAN,46.7,52.2,69.3,52.4,47.2,61.3,57.9,69.3,76.2,77.1,61.7,56.0,59.2,62.9,56.1,45.8,56.6,64.2,72.4,53.4,54.5,66.3,58.8,59.1,58.9,62.8,52.0,55.7,61.5,62.3
201105,TMAX,64.1,49.2,67.1,74.4,72.4,73.2,77.4,87.6,86.8,86.2,88.8,88.6,75.4,55.3,58.3,67.6,70.9,72.6,79.3,80.8,81.2,77.9,74.0,84.7,83.4,63.6,68.0,81.8,89.6,88.4,89.0
201105,TMIN,43.9,44.0,36.8,31.7,37.5,46.7,45.3,51.1,57.3,63.2,62.9,60.4,53.7,49.3,46.2,39.1,34.4,36.8,52.0,54.6,60.7,59.3,56.6,57.1,62.6,54.6,53.9,57.5,60.0,63.0,62.4
201105,MEAN,52.0,46.0,51.4,52.8,54.5,58.5,60.2,69.6,73.0,74.9,74.2,73.3,63.2,52.7,51.7,54.1,52.1,55.0,64.0,65.6,68.7,69.2,65.0,71.7,71.6,58.6,59.2,68.6,75.7,76.1,75.7
201106,TMAX,90.7,90.6,95.2,96.1,95.0,94.3,94.7,93.4,93.1,93.4,90.3,85.9,78.9,86.3,90.8,88.4,89.9,87.1,91.1,91.9,88.6,87.8,88.1,79.6,92.0,95.4,89.0,85.8,90.1,91.8
201106,TMIN,63.6,64.3,62.7,66.0,63.2,62.9,63.4,63.5,63.3,63.6,66.0,66.5,61.5,62.7,57.1,53.2,63.4,70.1,66.1,70.8,63.9,58.6,54.7,55.7,63.5,65.9,65.3,66.7,64.7,65.2
201106,MEAN,76.1,75.9,79.1,79.8,77.9,77.6,78.0,78.1,77.8,78.3,76.6,74.5,69.0,74.9,77.3,71.5,77.2,77.5,79.1,81.1,78.7,73.0,71.5,65.4,78.4,77.5,75.7,75.7,76.5,78.6
201107,TMAX,95.2,98.5,98.9,90.4,93.0,92.0,86.2,87.5,91.1,98.5,100.0,100.8,88.7,90.4,94.1,93.3,91.8,94.2,95.5,97.7,100.4,99.1,97.3,96.2,94.3,95.4,96.0,98.1,97.8,98.7,97.1
201107,TMIN,67.5,65.0,67.6,68.1,68.3,69.5,69.4,68.1,64.8,69.0,72.2,70.8,70.5,71.2,69.0,69.7,70.5,68.2,68.2,68.3,68.8,70.0,70.8,70.1,69.6,70.4,66.8,67.8,68.4,70.0,70.5
201107,MEAN,80.2,77.2,79.5,76.2,78.6,76.6,77.4,76.9,77.4,83.4,84.9,83.8,77.6,79.4,80.8,80.6,79.5,79.5,80.8,82.3,83.6,82.9,81.1,80.1,80.1,81.1,80.6,81.4,80.3,78.4,81.7
201108,TMAX,101.3,103.5,104.2,86.8,84.5,99.5,98.6,79.6,91.9,88.4,85.7,91.1,89.9,85.1,83.4,78.6,93.1,94.7,92.2,88.3,93.2,92.2,93.4,92.6,88.0,90.2,92.0,89.0,86.1,88.2,93.7
201108,TMIN,71.4,70.7,73.5,72.1,71.1,69.8,68.3,66.0,64.9,66.6,65.1,64.2,65.7,60.5,57.5,61.1,65.8,70.4,68.2,68.1,68.4,67.4,67.4,68.7,60.8,57.3,62.0,61.5,63.3,60.7,67.6
201108,MEAN,84.0,85.6,87.6,76.9,75.1,81.9,81.4,70.8,77.1,74.6,72.6,73.2,75.7,71.7,69.2,69.6,78.6,79.3,77.7,77.0,78.9,78.4,78.6,78.1,75.1,72.1,75.7,73.5,71.2,73.6,78.1
201109,TMAX,96.0,96.3,94.8,75.6,76.4,76.4,77.6,79.7,77.8,82.5,84.1,89.7,93.7,71.5,67.2,64.0,59.0,70.5,76.4,79.1,81.3,59.5,75.1,75.5,59.3,72.4,77.2,82.6,87.5,74.0
201109,TMIN,67.0,63.3,65.9,54.2,47.6,42.5,39.6,40.9,46.2,51.9,54.2,52.1,52.8,52.5,45.5,51.3,54.3,55.0,53.4,51.9,51.6,48.7,43.5,52.2,44.9,39.7,43.3,49.1,48.7,42.1
201109,MEAN,79.2,78.0,77.6,68.0,60.8,57.3,57.9,59.7,61.0,63.3,65.9,67.9,71.2,61.6,55.2,56.0,56.3,63.1,64.8,61.8,62.8,56.0,57.7,61.5,52.8,53.8,59.3,63.3,65.1,56.2
201110,TMAX,70.5,74.7,78.9,80.9,80.3,81.6,82.7,80.8,80.1,79.2,80.3,64.8,74.4,75.5,77.1,88.0,72.9,53.1,48.8,58.6,67.7,78.4,76.0,81.6,80.4,71.7,56.5,61.3,66.0,66.4,71.1
201110,TMIN,37.3,32.5,34.3,38.5,39.0,42.3,45.5,45.1,45.0,44.9,51.8,54.4,43.5,38.9,35.5,41.7,44.5,44.0,42.6,31.3,26.8,31.5,43.9,40.5,39.3,48.9,46.1,29.8,25.0,30.4,27.7
201110,MEAN,50.8,49.9,53.5,56.6,57.4,60.3,62.0,61.5,59.6,60.5,64.8,60.3,59.4,54.7,53.6,63.7,58.2,47.5,45.0,44.8,44.6,52.0,56.7,57.3,62.7,59.8,50.0,45.8,42.5,47.4,46.8
201111,TMAX,73.4,73.0,55.6,54.2,58.8,61.4,72.0,65.5,60.2,54.8,69.9,63.9,75.9,79.5,62.6,56.9,53.3,57.5,64.1,55.4,49.4,55.0,49.9,60.0,66.8,62.4,41.9,39.7,48.3,52.8
201111,TMIN,31.7,33.7,40.6,36.8,38.3,38.6,50.6,57.0,29.9,25.5,22.9,28.8,56.7,53.1,51.7,35.9,23.4,21.6,49.5,41.6,41.7,48.1,43.8,40.9,45.7,41.5,35.5,32.2,27.8,18.0
201111,MEAN,51.2,55.2,45.3,46.3,48.5,55.1,60.1,60.6,46.3,37.7,44.9,49.0,66.9,68.0,56.3,48.0,37.5,40.3,55.7,48.5,46.2,50.4,46.9,48.4,54.7,55.2,38.5,35.6,37.7,31.5
201112,TMAX,58.4,54.1,60.3,56.5,37.6,33.2,44.4,48.5,44.6,42.4,49.7,49.2,50.3,60.3,60.0,47.2,55.3,59.7,54.2,53.0,51.6,47.0,43.2,54.1,62.8,37.2,51.3,53.0,63.5,61.9,63.9
201112,TMIN,19.9,31.6,32.8,37.1,29.9,28.6,21.3,17.3,20.0,13.9,15.6,21.0,39.3,47.4,34.8,22.8,18.9,21.7,45.7,43.6,30.4,30.7,20.6,14.8,19.5,18.8,26.5,23.3,22.9,30.4,25.0
201112,MEAN,34.9,44.4,48.7,45.5,32.9,30.6,31.4,29.4,28.7,26.1,28.9,35.2,44.7,54.1,49.6,34.8,33.3,40.6,50.0,47.6,42.7,37.0,32.8,30.0,35.9,29.8,38.7,34.2,42.3,49.7,44.3
201201,TMAX,53.3,40.2,42.3,58.3,66.7,68.4,59.7,49.0,58.8,51.9,60.0,41.2,35.5,50.1,49.1,64.5,65.3,40.7,55.9,37.0,35.0,53.9,56.2,59.4,41.5,42.6,52.4,48.6,59.4,67.1,65.0
201201,TMIN,35.6,25.1,11.9,21.1,21.3,23.1,35.9,30.1,25.5,21.0,32.3,20.5,15.2,14.0,15.8,33.1,24.3,11.5,23.2,24.5,24.7,30.4,25.6,20.4,29.6,30.2,24.9,22.3,20.5,22.8,43.3
201201,MEAN,45.7,32.7,27.4,36.5,39.7,43.8,45.4,41.4,39.2,36.3,44.6,25.4,24.5,29.8,34.0,53.6,42.9,25.7,36.5,31.7,29.7,40.3,43.5,35.7,37.4,38.2,38.2,36.4,36.4,45.6,56.6
201202,TMAX,66.9,66.3,49.7,60.1,46.2,57.1,53.5,39.8,39.8,42.2,33.5,43.5,32.5,46.6,44.3,55.7,56.8,48.9,55.8,55.1,60.0,70.8,76.9,51.9,52.8,63.9,65.3,65.1,69.2
201202,TMIN,32.6,24.5,33.1,43.7,29.2,23.4,22.0,33.4,32.9,21.9,16.8,14.2,22.3,30.1,31.8,28.0,26.1,36.8,24.8,18.4,30.6,23.6,31.6,25.7,23.8,20.9,30.2,30.4,36.4
201202,MEAN,52.2,43.2,43.0,49.7,40.9,36.4,36.8,36.2,35.6,33.6,23.9,25.5,29.7,36.1,40.1,43.5,39.1,42.8,40.4,38.7,46.9,47.2,54.3,40.7,36.6,41.6,46.6,51.2,56.8
201203,TMAX,71.7,75.7,52.2,64.8,59.2,72.4,69.5,67.2,64.8,66.4,59.6,80.5,82.6,85.2,82.4,79.7,81.5,80.3,81.2,77.6,69.9,71.0,63.7,75.7,81.8,80.4,82.4,84.9,82.9,84.0,85.7
201203,TMIN,26.7,27.7,24.0,20.8,27.6,28.5,56.4,31.2,25.5,23.7,33.7,48.8,39.5,45.7,53.7,57.7,55.8,54.6,64.2,62.0,52.6,49.7,47.4,48.5,45.8,43.8,46.2,48.9,47.4,47.6,49.7
201203,MEAN,48.7,48.5,37.0,44.0,44.0,53.6,63.7,46.2,43.1,43.2,46.5,65.4,61.8,66.7,66.5,66.8,68.4,69.8,72.3,70.4,65.2,57.2,54.5,61.9,62.9,62.0,64.0,64.9,64.1,64.8,66.1
201204,TMAX,90.1,92.0,81.9,81.2,69.2,69.0,71.6,74.8,77.9,72.0,66.1,66.3,70.6,81.3,75.5,72.5,72.8,75.8,79.1,56.3,68.4,61.0,67.4,79.3,90.7,86.4,65.0,79.2,82.3,78.4
201204,TMIN,49.8,54.5,54.0,55.4,44.4,34.6,30.7,37.9,33.9,36.9,31.1,26.9,45.6,53.3,54.0,42.7,37.3,38.5,40.0,46.4,40.3,35.7,30.8,32.5,47.0,54.6,49.1,46.8,56.4,55.8
201204,MEAN,71.5,73.6,66.9,66.2,56.8,50.1,52.6,56.8,55.7,55.6,46.7,48.5,58.7,68.7,66.5,57.3,54.7,56.1,59.3,50.2,52.6,48.6,48.8,57.3,68.2,69.5,57.6,64.7,68.2,65.8
201205,TMAX,87.2,87.9,79.5,87.4,90.6,89.3,79.1,74.7,75.1,77.4,77.4,79.9,81.3,79.8,83.8,87.9,84.1,89.3,89.2,90.1,78.6,80.1,85.3,88.9,91.5,95.8,93.8,94.8,93.1,83.8,78.1
201205,TMIN,60.0,60.7,60.7,58.7,62.4,60.4,60.0,50.6,45.2,40.3,43.1,50.3,45.3,46.0,42.1,43.7,42.7,44.0,52.3,58.2,45.9,40.8,43.9,52.0,62.4,60.5,57.1,60.7,60.1,57.6,56.2
201205,MEAN,71.9,75.7,71.1,73.2,76.0,74.5,68.6,63.8,59.6,58.4,60.8,64.6,63.2,62.0,62.2,65.3,62.8,66.8,70.9,70.0,65.7,60.4,65.1,73.7,76.7,76.9,76.5,78.2,74.9,67.7,64.5
